0, 0, 1, 11, 1111, 0000 11, 01
0, 1, 0001 01, 0010 11, 0011 11, 0000 00, 0001 11
1, 1, 01, 10, 1110, 0000 01, 1
0, 2, 0000 0111, 0001 11, 0010 11, 0001 00, 0001 00
1, 2, 0001 00, 0011 1, 0111 1, 0001 01, 0001 10
2, 2, 001, 011, 1101, 0001 10, 001
0, 3, 0000 0011 1, 0000 111, 0010 00, 0010 00, 0000 11
1, 3, 0000 0110, 0010 10, 0110 0, 0010 01, 0000 011
2, 3, 0000 101, 0010 01, 0111 0, 0010 10, 0000 010
3, 3, 0001 1, 0101, 1100, 0010 11, 0001 01
0, 4, 0000 0001 11, 0000 0111, 0001 111, 0011 00, 0000 10
1, 4, 0000 0011 0, 0001 10, 0101 0, 0011 01, 0000 0011
2, 4, 0000 0101, 0001 01, 0101 1, 0011 10, 0000 0010
3, 4, 0000 11, 0100, 1011, 0011 11, 0000 000
