000000100 s 5 2
000000101 s 14 1
000000111 s 15 1
0000001101 s 16 1
0000001100 s 2 4
000000011100 s 3 3
000000010010 s 4 3
000000011110 s 6 2
000000010101 s 7 2
000000010001 s 8 2
000000011111 s 17 1
000000011010 s 18 1
000000011001 s 19 1
000000010111 s 20 1
000000010110 s 21 1
000000001011 0 s 1 6
000000001010 1 s 1 7
000000001010 0 s 2 5
000000001001 1 s 3 4
000000001001 0 s 5 3
000000001000 1 s 9 2
000000001000 0 s 10 2
000000001111 1 s 22 1
000000001111 0 s 23 1
000000001110 1 s 24 1
000000001110 0 s 25 1
000000001101 1 s 26 1
000000000111 11 s 0 16
000000000111 10 s 0 17
000000000111 01 s 0 18
000000000111 00 s 0 19
000000000110 11 s 0 20
00000000 0110 10 s 0 21
00000000 0110 01 s 0 22
00000000 0110 00 s 0 23
00000000 0101 11 s 0 24
00000000 0101 10 s 0 25
00000000 0101 01 s 0 26
00000000 0101 00 s 0 27
00000000 0100 11 s 0 28
00000000 0100 10 s 0 29
00000000 0100 01 s 0 30
00000000 0100 00 s 0 31
00000000 0011 000 s 0 32
00000000 0010 111 s 0 33
00000000 0010 110 s 0 34
00000000 0010 101 s 0 35
00000000 0010 100 s 0 36
00000000 0010 011 s 0 37
00000000 0010 010 s 0 38
00000000 0010 001 s 0 39
00000000 0010 000 s 0 40
00000000 0011 111 s 1 8
00000000 0011 110 s 1 9
00000000 0011 101 s 1 10
00000000 0011 100 s 1 11
00000000 0011 011 s 1 12
00000000 0011 010 s 1 13
00000000 0011 001 s 1 14
00000000 0001 0011 s 1 15
00000000 0001 0010 s 1 16
00000000 0001 0001 s 1 17
00000000 0001 0000 s 1 18
00000000 0001 0100 s 6 3
00000000 0001 1010 s 11 2
00000000 0001 1001 s 12 2
00000000 0001 1000 s 13 2
00000000 0001 0111 s 14 2
00000000 0001 0110 s 15 2
00000000 0001 0101 s 16 2
00000000 0001 1111 s 27 1
00000000 0001 1110 s 28 1
00000000 0001 1101 s 29 1
00000000 0001 1100 s 30 1
00000000 0001 1011 s 31 1
000010 0 s 7 1
000010 1 s 8 1
000011 0 s 6 1
000011 1 s 2 2
000100 s 0 7
000101 s 0 6
000110 s 4 1
000111 s 5 1
001000 00 s 1 5
001000 01 s 11 1
001000 10 s 0 11
001000 11 s 0 10
001001 00 s 13 1
00100101 s 12 1
00100110 s 3 2
00100111 s 1 4
1111000 s 9 1
1111001 s 1 3
1111010 s 10 1
1111011 s 0 8
1111100 s 0 9
11111010 s 0 12
11111011 s 0 13
11111100 s 2 3
11111101 s 4 2
11111110 s 0 14
11111111 s 0 15
000001 E
00101s 2 1
00110s 1 2
00111s 3 1
010s 1 1
0110 B
0111s 0 3
10s 0 1
110s 0 2
11100s 0 4
11101s 0 5
